%YAML:1.0
---
true: !!opencv-object-detector-hog
   winSize: [ 64, 128 ]
   blockSize: [ 16, 16 ]
   blockStride: [ 8, 8 ]
   cellSize: [ 8, 8 ]
   nbins: 9
   derivAperture: 1
   winSigma: 4.
   histogramNormType: 0
   L2HysThreshold: 2.0000000000000001e-01
   gammaCorrection: 1
   nlevels: 64
   signedGradient: 0
   SVMDetector: [ -8.06962140e-03, -2.72515579e-04, -6.60436833e-03,
       2.97996588e-02, 4.15592045e-02, -1.26934145e-02, 1.62308966e-03,
       -4.07745969e-03, 1.92449298e-02, 2.14189161e-02, 1.15827480e-02,
       9.29438137e-03, -1.76934712e-03, 1.71805676e-02, 3.00451759e-02,
       -1.24322460e-03, 1.84203349e-02, 2.24756487e-02, 5.56160137e-02,
       -6.05670922e-03, -1.52523546e-02, 2.57177353e-02, -5.18813450e-03,
       -2.09017899e-02, -3.16693448e-02, -4.33031768e-02, 1.53751560e-02,
       1.24974577e-02, -4.65103239e-03, 9.25085973e-03, 8.23667180e-03,
       -1.63110197e-02, 1.87467709e-02, -3.59321071e-04, 2.60573649e-03,
       -2.15882771e-02, -1.53591037e-02, 4.25384054e-03, 2.45272964e-02,
       1.67273693e-02, 2.01682672e-02, 1.78171527e-02, -9.16470494e-03,
       1.19984075e-02, 8.19643959e-03, -9.27101448e-03, 3.93328897e-04,
       1.32400552e-02, 5.95747381e-02, 2.62058880e-02, 1.76296104e-02,
       -1.35506196e-02, 9.73075256e-03, -7.15340069e-03, 9.96111520e-03,
       4.26856568e-03, 9.86525789e-03, 1.51939914e-02, 2.79937815e-02,
       1.21201640e-02, -1.75863244e-02, 9.10521392e-03, 1.32531272e-02,
       1.51988454e-02, 2.26707794e-04, -3.14752758e-02, 6.33764453e-03,
       1.95428450e-02, 9.89389233e-03, -4.85681091e-03, 3.38723534e-03,
       3.01225414e-03, 2.03022808e-02, -1.45440304e-03, 2.41277693e-03,
       1.32630924e-02, 3.41411424e-03, 2.80333888e-02, 5.78113226e-03,
       6.27195695e-03, 1.68175269e-02, 2.27081906e-02, 1.99115369e-03,
       -5.12817409e-03, 9.53844807e-04, -4.18320065e-03, 3.79481725e-03,
       3.19515704e-03, 1.88548677e-02, 3.61892954e-02, 2.05915272e-02,
       3.26403137e-03, -1.86726509e-03, 9.88743827e-03, -4.20405855e-03,
       3.35861347e-03, 1.89228952e-02, 2.46000662e-02, -1.08795473e-02,
       4.28658724e-03, -4.35333606e-03, 1.35386651e-02, 1.35625573e-03,
       -1.32095469e-02, -1.18328743e-02, 2.53528152e-02, 3.84126194e-02,
       -5.70699899e-03, 1.90044511e-02, 2.77935546e-02, -2.92830337e-02,
       -2.71438099e-02, -1.16563123e-02, -2.71006413e-02,
       -1.54710608e-02, -8.00142996e-03, 2.01613326e-02, -5.04405657e-03,
       9.45960637e-03, 4.97175101e-03, -1.80488080e-02, -2.01485362e-02,
       5.05352300e-03, -1.63124856e-02, 1.05713168e-02, -8.33147857e-03,
       6.24008477e-03, -2.53112963e-03, 1.41820330e-02, 9.91353020e-03,
       -5.47731062e-03, -2.61343215e-02, -7.18742667e-04, 1.80862714e-02,
       -1.79771110e-02, 1.85185596e-02, -4.51354198e-02, 5.69387805e-04,
       3.47633241e-03, -3.22949588e-02, 1.06591545e-02, 8.17388948e-03,
       -6.68091327e-03, -1.78992841e-02, -2.74973810e-02, 2.67155040e-02,
       5.69822174e-03, 5.77959511e-03, 2.06943098e-02, 2.46621436e-03,
       -1.78513471e-02, 1.68609712e-02, -1.72845069e-02, -1.75168850e-02,
       -7.20660295e-03, -2.07320768e-02, -2.23060306e-02, 3.85966036e-03,
       -3.37902717e-02, -3.93326953e-02, -1.17902830e-02,
       -2.30778772e-02, 9.19287559e-03, -4.39948961e-03, 1.19210901e-02,
       -4.79068467e-03, -4.11419477e-03, 2.73633637e-02, 2.94512231e-02,
       2.61150021e-02, 1.64864175e-02, -4.48749699e-02, -4.14852519e-03,
       -2.73627974e-02, -2.97726914e-02, -5.32897655e-03, 1.87986437e-02,
       -2.02181260e-03, 1.24503197e-02, -1.03873536e-02, 2.19925940e-02,
       -1.53090945e-02, -3.02399937e-02, -2.26266757e-02, 3.15171704e-02,
       -4.61413711e-03, -1.09764724e-03, 1.70417654e-03, 2.12664027e-02,
       -6.00702013e-04, -1.77019276e-02, -1.59259420e-02,
       -1.30234016e-02, -2.22859322e-03, -4.14140411e-02, 3.49654321e-04,
       3.55796958e-03, 3.80389625e-03, 2.87152492e-02, 1.35982782e-02,
       -2.15840545e-02, 3.21442410e-02, 2.08056103e-02, 3.26712206e-02,
       -1.17683401e-02, 2.68545076e-02, 1.97759527e-03, 2.39987415e-03,
       2.55048908e-02, -2.12757327e-02, 3.25361639e-02, -1.94638851e-03,
       -1.88771654e-02, -1.08609861e-02, 2.01589912e-02, -9.57034412e-04,
       1.01778507e-02, 1.82480272e-02, 7.65146455e-03, 2.28300262e-02,
       2.11148765e-02, -1.82169434e-02, 1.51326135e-03, 3.07413340e-02,
       2.62784660e-02, 7.95930251e-03, 3.81130725e-03, -5.62007260e-03,
       -1.70171484e-02, -1.08229974e-02, -2.41341554e-02,
       -3.27305011e-02, 2.42613778e-02, 1.63257662e-02, 8.44241120e-03,
       8.24366405e-04, 1.64424151e-03, 3.42593528e-02, 1.11637358e-02,
       1.54077364e-02, 4.69645578e-03, 1.90945603e-02, -8.19685217e-03,
       -3.24942656e-02, 2.43632239e-03, -5.81550971e-03, -2.00100280e-02,
       7.59148877e-03, 6.35303045e-03, -2.68265381e-02, -1.65247638e-02,
       -1.30892675e-02, 1.61802378e-02, 1.12979803e-02, -1.46023547e-02,
       -1.53184682e-02, 2.23443471e-02, 8.95633083e-03, -1.20761022e-02,
       2.86033284e-02, 4.07831627e-04, -2.14298620e-04, 7.08067138e-03,
       -1.86766870e-02, -2.99929492e-02, -6.07570051e-04, 2.73477938e-03,
       -1.71621665e-02, 2.66024843e-03, -2.86157392e-02, 2.41160672e-02,
       3.04872338e-02, 1.40181528e-02, 2.31776461e-02, -1.02256341e-02,
       3.56371212e-03, 1.96349039e-03, 1.04448097e-02, 2.60910895e-02,
       -2.12190207e-02, -1.64994616e-02, -2.13222485e-02, 4.88598784e-03,
       -1.11706611e-02, 2.61881668e-03, 1.13997364e-03, 8.54965393e-03,
       1.13551794e-02, -1.10850460e-03, 1.72737632e-02, -7.21673947e-03,
       -8.24462902e-03, 5.31861372e-03, 3.19239940e-03, -1.65861957e-02,
       -9.87552456e-04, -4.09282185e-03, 3.11377528e-03, 1.35611529e-02,
       -1.61609948e-02, 1.30842663e-02, -9.90364794e-03, -5.33004198e-03,
       -2.68814899e-02, 1.89857818e-02, -1.99968182e-02, -2.49516610e-02,
       -2.91564316e-02, -2.46477202e-02, -1.41826663e-02,
       -6.18580030e-03, 1.18890498e-03, 7.31783407e-03, 6.84231659e-03,
       1.76861938e-02, -3.05683650e-02, -1.10814571e-02, 2.30836794e-02,
       -7.06416881e-03, -1.90908667e-02, -2.62934342e-03,
       -1.32168259e-03, 7.25394581e-03, -2.81265657e-02, -1.50551768e-02,
       -3.10585205e-03, -3.14926282e-02, -1.52206002e-02,
       -2.65514525e-03, -1.72357075e-02, -2.59199087e-02, 1.38696562e-02,
       1.23513592e-02, -1.38636008e-02, -2.68783160e-02, -6.43934235e-02,
       -3.30239981e-02, 1.16393715e-02, 8.98318307e-04, -2.94671841e-02,
       -2.67606764e-03, 1.48331346e-02, 3.41377705e-02, 1.75790135e-02,
       2.83016041e-02, 1.39176734e-02, -1.79261528e-02, -2.92114704e-03,
       8.64857901e-03, 2.63136681e-02, -1.25094522e-02, -9.98745020e-03,
       2.39014514e-02, -1.66295767e-02, 4.03683670e-02, 1.85422821e-03,
       1.31832380e-02, 1.42519800e-02, 3.50521095e-02, 1.56960823e-03,
       3.71044362e-03, -1.53435757e-02, -4.30739671e-02, -5.96107077e-03,
       2.19408758e-02, -9.47069656e-03, -3.79312001e-02, 5.45283221e-03,
       9.18321311e-03, -2.75925659e-02, -9.36925039e-03, -2.87609547e-02,
       -1.12825669e-02, -4.37502824e-02, -2.43890285e-03,
       -2.04483587e-02, -1.05889244e-02, 2.93361605e-03, -3.73326731e-03,
       1.06099723e-02, 6.54764799e-03, 2.35238187e-02, 2.18443293e-02,
       1.92111463e-03, -3.52425803e-03, 2.05109250e-02, -1.44840591e-02,
       -1.31776351e-02, -8.38067662e-03, -8.40863795e-04, 3.69887464e-02,
       -2.81595457e-02, 1.71100833e-02, 1.35815572e-02, -2.54904442e-02,
       -3.64512168e-02, -3.08186878e-02, -3.24866804e-03,
       -1.92587208e-02, 2.04159366e-03, 8.70561879e-03, 1.80417602e-03,
       -2.18499303e-02, -1.65538732e-02, 4.78931516e-03, -3.77065130e-02,
       -1.94638576e-02, -3.18566859e-02, -2.27476321e-02,
       -1.26032196e-02, -7.78573006e-03, -4.62973192e-02,
       -5.59021020e-03, 1.44239236e-02, -9.89953187e-05, -1.23149026e-02,
